# Frequency (Hz)
-3.7
-3.7
-3.7
-3.7
-3.8
-4.1
-4.5
-5.1
-5.6
-6.0
-6.3
-6.6
-6.7
-6.9
-7.2
-7.4
-7.8
-8.2
-8.7
-9.3
-10.0
-10.9
-11.9
-12.7
-13.3
-13.8
-14.2
-14.4
-14.5
-14.9
-15.3
-15.7
-16.2
-16.6
-16.8
-17.1
-17.3
-17.3
-17.0
-16.6
-16.2
-16.3
-16.2
-16.1
-15.6
-15.1
-14.7
-14.5
-14.4
-14.4
-14.4
-14.4
-14.3
-14.1
-13.7
-13.4
-13.4
-13.4
-13.4
-13.5
-13.4
-13.2
-13.2
-13.4
-13.7
-14.0
-14.0
-14.6
-15.1
-15.8
-16.2
-16.4
-16.2
-16.1
-16.3
-16.9
-17.8
-18.6
-19.7
-20.9
-22.3
-23.2
-24.3
-25.6
-27.2
-28.8
-30.7
-33.3
-36.9
-40.6
