# Frequency (Hz)
-3.8
-3.7
-3.7
-3.6
-3.7
-3.7
-4.1
-4.7
-5.4
-6.1
-6.8
-7.4
-7.8
-8.3
-8.5
-8.9
-9.2
-9.5
-9.9
-10.3
-10.7
-11.4
-12.0
-12.5
-13.1
-13.5
-14.1
-14.9
-15.6
-16.2
-16.5
-16.8
-17.2
-17.5
-17.6
-17.9
-17.9
-18.1
-18.1
-18.0
-17.7
-17.5
-17.2
-17.0
-16.8
-16.7
-16.8
-16.8
-16.8
-16.7
-16.5
-16.3
-16.1
-16.0
-15.5
-15.2
-14.9
-14.6
-14.2
-14.1
-14.0
-14.1
-14.2
-14.4
-14.7
-15.2
-15.6
-16.1
-16.3
-16.7
-16.9
-17.2
-17.5
-18.0
-18.3
-18.7
-19.2
-19.7
-20.5
-21.5
-22.8
-23.9
-25.2
-26.9
-28.9
-31.2
-33.6
-36.2
-39.0
-42.4
