# Frequency (Hz)
-4.1
-4.0
-4.0
-3.9
-3.8
-3.9
-4.1
-4.4
-4.8
-5.1
-5.5
-5.6
-6.1
-6.5
-7.0
-7.7
-8.3
-9.0
-9.6
-10.3
-11.1
-12.1
-13.0
-13.9
-15.0
-16.4
-18.0
-19.6
-21.4
-23.8
-26.6
-28.7
-28.7
-27.3
-26.2
-26.1
-26.2
-25.7
-25.1
-24.7
-23.5
-21.7
-20.5
-19.9
-19.4
-18.9
-18.5
-18.3
-17.8
-16.6
-15.1
-13.7
-12.6
-11.7
-11.1
-10.6
-10.4
-10.4
-10.4
-10.3
-10.3
-10.4
-10.6
-10.6
-10.7
-11.0
-11.7
-12.6
-13.8
-15.8
-18.6
-20.6
-21.0
-20.9
-20.1
-18.5
-17.5
-17.3
-17.6
-18.1
-19.6
-20.6
-21.6
-24.2
-28.4
-31.7
-33.4
-37.6
-49.7
-44.3
