# LSD (dB)
0.308
0.311
0.306
0.316
0.311
0.315
0.315
0.318
0.324
0.340
0.363
0.380
0.409
0.444
0.473
0.514
0.544
0.586
0.631
0.699
0.780
0.887
1.030
1.152
1.298
1.439
1.648
1.954
2.328
2.505
2.689
2.884
3.068
3.315
3.555
3.785
4.045
4.250
4.404
4.409
4.394
4.292
4.302
4.291
4.370
4.475
4.634
4.572
4.474
4.471
4.413
4.461
4.538
4.763
4.885
4.938
4.880
4.617
4.394
4.260
4.220
4.221
4.152
4.159
4.342
4.520
4.631
4.734
4.833
4.911
5.020
5.083
5.106
5.205
4.889
4.742
4.686
4.794
4.900
4.952
5.000
4.978
4.975
4.930
4.927
5.000
5.191
5.535
5.528
5.499
